0001;19.392;-16.108;4.671;-6.479;7.082;0.630;10.415;14.792;22.960;10.802;20.781;22.265;-1.818;4.611;9.452;21.629;27.039;-14.243;9.829;-5.550;23.412;14.678;-2.291;14.575;-2.075;8.984;-28.294;-14.250;-16.776;24.528;20.102;-11.263;1.244;0.349;1.644;24.814;10.020;3.702;-1.093;39.687;-1.731;17.154;16.287;-13.038;-6.534;0.687;-0.275;9.173;25.581;16.084;69.339;2.425;19.879;1.747;-22.564;-0.170;
0002;-3.932;-14.304;-1.433;-1.797;5.461;-3.897;7.937;-1.641;6.444;4.340;1.202;5.762;-4.739;9.352;-3.192;6.737;8.529;-0.849;-2.196;-3.164;7.153;4.173;2.178;-1.350;6.271;4.796;11.931;4.782;-2.367;-16.686;5.035;-2.232;5.064;-0.745;7.788;-3.185;6.031;6.498;2.381;7.252;2.387;3.355;5.484;0.967;8.047;6.115;1.799;4.946;9.842;4.146;10.535;6.437;5.003;-8.232;4.602;7.858;10.500;1.310;5.498;3.787;
0003;5.070;-7.313;2.760;12.810;1.680;-2.250;5.169;3.075;10.412;12.981;7.802;9.240;9.541;1.604;0.390;15.929;10.709;-16.738;4.682;11.237;5.666;13.566;-13.601;4.775;9.186;7.818;-1.449;-5.819;-22.987;-15.586;-2.046;-10.132;15.076;3.735;6.776;7.721;13.353;7.637;-0.557;14.709;9.211;14.171;9.800;9.318;14.025;5.376;3.344;
0004;-2.014;-2.933;1.053;1.249;-1.000;-0.346;2.536;1.998;2.124;1.607;1.623;2.373;1.329;2.171;0.200;2.862;2.473;-0.956;2.022;3.891;3.362;1.891;1.354;4.458;6.646;5.381;3.027;2.064;-8.719;-3.603;-2.111;0.130;-2.130;-1.776;1.874;2.999;5.133;1.810;1.937;5.097;0.861;2.398;1.846;2.423;5.591;0.935;2.002;2.311;1.587;1.751;4.852;2.275;2.183;1.258;0.287;1.568;1.388;1.789;1.742;4.825;1.454;4.425;9.797;9.342;2.769;4.268;9.051;6.219;0.325;-2.719;1.912;4.135;4.585;4.150;3.899;3.857;3.257;3.688;3.401;5.239;3.365;6.913;4.650;3.090;1.669;2.724;-3.706;3.978;6.463;6.318;5.270;4.650;4.360;5.829;6.318;5.517;4.555;
0005;7.079;2.411;-0.579;0.948;-4.525;0.158;-2.044;-1.514;9.770;1.792;-2.402;4.869;1.139;6.241;0.175;3.641;1.275;4.731;5.255;7.588;0.898;-3.819;3.535;-0.228;-1.225;-5.728;-2.082;10.360;1.034;-5.044;1.150;-5.887;6.324;1.513;4.198;5.139;8.152;4.731;-1.553;4.179;
0006;-8.316;-4.678;4.064;8.759;7.105;1.756;1.980;-0.945;1.404;-0.058;4.438;9.048;8.803;7.551;-6.676;7.175;9.184;-4.089;8.636;4.282;9.961;6.850;-2.548;2.901;5.941;4.862;3.544;2.246;-15.963;-27.694;15.943;-12.108;11.669;1.825;11.163;2.067;6.233;9.998;7.040;10.185;-0.837;3.751;6.168;10.542;-3.958;
0007;5.187;-5.718;-0.833;5.830;7.349;-2.220;1.015;-3.013;5.802;10.542;0.658;5.312;4.706;8.533;-8.013;13.758;10.532;-17.906;0.893;9.005;9.500;13.282;-11.846;5.671;9.864;19.840;16.444;0.506;-14.989;-3.541;0.443;-1.924;-8.362;-2.640;4.651;3.124;-2.749;0.568;-1.497;4.185;-4.668;3.830;-1.058;3.053;-0.174;2.003;2.797;-0.081;
0008;0.151;0.124;-8.389;15.750;20.412;5.752;-0.004;-3.669;12.990;1.764;-1.064;12.371;3.057;11.150;-10.637;10.013;-0.435;-1.024;4.314;-1.440;-1.158;5.427;1.460;
0009;7.946;-0.397;1.488;12.655;3.105;0.639;-0.258;0.945;4.452;6.587;-0.936;5.863;-0.208;4.654;
0010;-0.060;1.860;-1.270;0.387;4.458;0.593;2.952;1.250;2.378;-1.254;3.597;4.618;1.486;6.383;-3.249;1.896;5.887;0.724;-0.892;-0.872;6.378;4.169;-3.216;4.307;-1.026;5.491;3.313;-1.763;-0.986;3.946;-2.083;0.929;8.106;5.520;3.016;1.551;3.926;3.175;3.051;1.432;2.902;6.615;-3.043;5.277;9.290;5.628;-1.397;3.139;5.118;-2.033;-0.440;-3.625;2.743;7.182;4.137;7.167;0.874;9.590;-2.729;12.593;32.038;7.229;11.990;0.299;-1.472;3.503;8.745;0.439;-12.862;-4.087;0.592;-0.379;11.406;3.872;2.543;8.855;10.405;-2.103;0.896;4.396;9.408;1.382;3.873;-0.966;-0.672;-3.940;-0.790;
0011;6.903;0.092;0.879;1.518;2.876;-3.493;6.141;3.371;4.846;6.667;-1.927;7.986;2.524;6.832;-0.487;8.607;6.241;-6.955;8.112;3.514;5.621;12.735;-5.516;5.214;9.157;18.084;21.792;-7.148;-20.248;-6.376;-9.241;-6.292;3.688;-1.149;3.463;7.127;10.771;5.316;2.888;5.234;0.356;8.382;-0.384;0.222;
0012;-1.975;-8.701;-0.884;-3.624;-1.713;-4.122;8.525;4.996;1.019;8.942;11.772;15.674;1.192;6.402;7.254;0.500;7.109;0.210;0.000;-2.791;-0.526;10.086;-11.937;1.528;8.408;-0.459;5.768;15.141;6.463;-5.658;2.800;4.475;1.031;1.591;-1.477;6.410;2.938;12.440;11.201;-2.808;7.995;12.994;9.779;3.327;
0013;7.107;-10.643;7.533;-0.238;9.389;-7.232;3.835;2.003;11.397;14.009;2.498;5.941;-0.567;8.635;-0.924;22.400;6.875;-11.560;1.366;6.989;17.569;15.155;-5.022;9.418;3.214;16.291;16.504;-2.730;-20.751;2.937;-5.812;-0.274;-11.907;-6.349;6.678;-5.399;6.594;8.001;
0014;-1.974;3.788;11.792;14.317;-6.618;-1.233;1.479;0.217;14.668;21.116;4.586;-0.552;3.121;7.719;-0.862;2.325;4.100;
0015;6.769;-5.425;-4.174;12.279;7.602;-0.588;1.866;1.003;1.465;4.907;-3.627;9.109;6.930;5.008;-0.560;11.939;8.778;-11.047;3.138;-5.436;5.878;3.287;1.482;3.731;5.345;13.667;18.312;-1.038;-5.807;-4.048;-0.855;-10.442;2.692;-2.094;1.887;4.475;5.906;6.077;-0.213;12.776;4.260;
0016;1.216;-5.462;-3.081;14.753;1.121;-4.115;5.688;2.814;1.523;5.511;0.230;-0.515;-0.003;5.388;-2.284;-0.827;0.472;14.084;6.433;4.145;10.619;12.011;10.817;6.371;1.963;7.959;-7.383;0.805;15.124;-19.371;0.890;18.142;1.919;4.792;2.233;0.539;1.474;-3.062;2.308;3.395;-0.690;1.216;0.557;2.991;7.648;4.434;-2.789;2.595;7.379;4.350;7.689;3.623;6.790;-2.915;9.766;1.890;6.167;1.701;3.252;-4.622;0.785;-8.639;6.121;0.760;-1.688;0.193;3.015;2.328;13.419;3.023;-3.057;11.600;3.855;4.412;8.643;1.840;6.496;8.613;7.091;0.377;10.049;1.680;-3.336;-8.871;10.453;-0.023;-3.850;-5.524;8.775;10.860;6.719;-3.079;-4.527;9.410;0.882;1.023;-2.772;2.710;2.402;18.672;13.699;13.058;1.450;7.910;6.120;
0017;3.766;-2.905;1.646;8.536;-0.354;3.954;3.681;0.949;2.083;4.354;8.161;6.809;3.831;4.041;3.890;18.008;-1.847;-17.789;-1.486;7.633;10.604;8.291;3.674;14.241;9.395;22.785;34.196;-5.335;-34.509;-4.412;0.721;2.774;-15.604;-14.807;-0.572;4.584;5.648;1.756;3.532;
0018;2.954;1.018;-0.062;-4.345;3.841;3.223;-2.907;-6.961;12.934;-3.351;1.909;14.637;5.266;8.719;-6.230;7.106;-1.109;6.051;0.665;-2.199;5.800;8.294;-4.633;6.893;12.182;14.160;17.982;8.794;-6.435;-26.956;8.235;-9.500;17.006;19.415;10.568;2.346;14.812;5.984;0.668;5.305;8.137;6.772;2.590;1.009;6.238;-1.543;-8.239;5.484;5.076;0.153;6.732;1.935;-0.468;3.878;-9.249;9.019;
0019;4.866;-3.941;6.647;4.927;0.799;-3.021;2.027;6.448;2.061;4.339;2.522;4.152;-0.342;3.735;-1.662;13.677;-3.275;-9.855;-1.956;2.207;5.796;-1.173;-5.628;1.907;-1.777;5.702;13.663;7.808;-0.755;-3.217;3.965;5.034;11.799;-6.548;6.427;3.955;
0020;12.766;-6.320;6.596;-5.325;5.339;-3.776;14.558;0.977;6.828;1.141;0.434;4.659;-1.385;4.064;4.856;14.755;4.471;3.684;22.953;9.967;7.269;13.266;-2.560;-0.941;13.696;-7.265;-13.930;6.233;-12.773;-23.386;18.702;-5.857;23.694;12.226;16.170;4.431;12.409;6.240;-3.410;5.099;7.929;5.490;3.998;47.820;5.975;4.916;-1.637;10.667;6.156;1.040;7.189;-0.711;1.395;12.501;4.662;9.089;3.196;16.120;8.611;11.500;
